0.464781892576
0.129634926701
0.863408037487
0.31996175969
0.889646914773
0.527437440812
0.581055036355
0.164652828402
0.283105001656
0.599364524203
0.87698800149
0.349050224313
0.0393613681109
0.227385817681
0.590805768265
0.878100687311
0.0921378503711
0.251667624158
0.103448334206
0.331193730088
0.654174281037
0.225683182675
0.948929075105
0.223313395627
0.22460824342
0.98708726211
0.418413038493
0.471766810544
0.891138931485
0.624498378151
0.609029753537
0.859953375858
0.423988798044
0.800691734678
0.152701354321
0.560193699077
0.496559520207
0.948911036133
0.304009053639
0.740934568733
0.00653540290932
0.588741323515
0.486186080562
0.666919829771
0.118010753045
0.973277663497
0.514875313706
0.501558770444
0.797794411074
0.510872062158
