  0.43153257  -0.53304471   1.14606343
  0.41846121  -0.51880778   1.14367958
  0.41248930  -0.51905121   1.12965730
  0.40024059  -0.52099069   1.15212265
  0.40531872  -0.51866241   1.15402621
  0.39644943  -0.51192588   1.15466867
  0.40257443  -0.51254373   1.14932455
  0.41020838  -0.50066741   1.15875139
  0.41194248  -0.49889289   1.16283051
  0.39385370  -0.51963574   1.16214231
  0.39798667  -0.50728141   1.16753702
  0.40565558  -0.50477085   1.18127436
  0.39813550  -0.48119582   1.18673888
  0.40168413  -0.46834625   1.18645441
  0.38879955  -0.46935365   1.17540727
  0.37662840  -0.47311914   1.18369755
  0.37385326  -0.46866463   1.18021357
  0.35664818  -0.45972851   1.18906283
  0.36844086  -0.47384455   1.18918196
  0.36880398  -0.48796255   1.19987590
  0.35783008  -0.50197178   1.19183548
  0.35831571  -0.49424265   1.18976136
  0.35918837  -0.50584514   1.18777545
  0.34340804  -0.53218631   1.18325805
  0.33496238  -0.52202209   1.19035468
  0.33603007  -0.50744669   1.20273917
  0.34295219  -0.51752785   1.18963725
  0.32596593  -0.50584549   1.17734750
  0.33141844  -0.51730371   1.17018949
  0.33046267  -0.52987656   1.17732963
  0.34092125  -0.52474735   1.17100035
  0.34474127  -0.52415081   1.15237474
  0.35368173  -0.53210510   1.14094401
  0.33768360  -0.51551970   1.15597006
  0.33980718  -0.52522632   1.14818165
  0.34578801  -0.53790456   1.15079857
  0.34555447  -0.53151288   1.15254412
  0.36107820  -0.54354492   1.15283126
  0.36392291  -0.54745997   1.16571546
  0.35665446  -0.54782800   1.16552787
  0.35617268  -0.55389176   1.15874318
  0.38045685  -0.54088750   1.15315258
  0.38639671  -0.52899575   1.13499746
  0.38023072  -0.51930199   1.13763703
  0.38233081  -0.51475496   1.13926527
  0.39548055  -0.51244185   1.16227222
  0.39737540  -0.51549803   1.14025259
  0.39398600  -0.51158096   1.15392133
  0.39416129  -0.50735227   1.15624149
  0.39785951  -0.50489205   1.16902144
