0.757973156893
0.28439916729
0.06583140858
0.155977013184
0.0610508571312
0.811378523707
0.398553368176
0.762426724586
0.47554906909
0.0704209667235
0.992221422802
0.575439342131
0.848018691343
0.784640183927
0.882969813917
0.602788609046
0.290986837328
0.431491198757
0.498162181763
0.50902284331
0.103777352442
0.425853832924
0.133327320021
0.427755315849
0.074576749608
0.286600072536
0.508813869854
0.86538726157
0.719147515059
0.130870704925
0.0141396975146
0.983834750958
0.856000248232
0.788086057692
0.671554781732
0.918934782394
0.780951546209
0.184091412479
0.610006826688
0.427929612347
0.933273603158
0.55453979042
0.394431823096
0.836754662243
0.0335035691007
0.044577194156
0.407306610788
0.470369807635
0.917127505772
0.208557532815
0.221649100778
0.394538481807
0.358846894917
0.439102208332
0.0846320739383
0.310039658106
0.631038932768
0.809855553345
0.483130189393
0.622413506311
0.623350187712
0.414634145095
0.905151684368
0.427196400667
0.274103505178
0.604802798115
0.988576572244
0.167758707391
0.62099542488
0.00479889449399
0.441479289202
0.551971375788
0.475827537376
0.0193630998681
0.997995604761
0.829474636644
0.312296037471
0.411674586867
0.803934742525
0.430991763862
0.513718724974
0.408137946868
0.379003077032
0.0927869945631
0.20124234037
0.536497636238
0.577428734103
0.427566452032
0.876397568455
0.986982509797
0.910551643882
0.618354038923
0.365277322756
0.237434349224
0.655020240378
0.246346352057
0.790879008607
0.500192408083
0.37991443453
0.738850057566
