00015   0.38814
00016   0.35658
00018   0.31139
00020   0.72321
00021   0.39554
00025   0.50791
00028   0.52551
00029   0.42825
00031   0.29664
00036   0.57373
00039   0.38216
00044   0.36095
00045   0.19579
00046   0.22504
00050   0.48603
00052   0.23051
00055   0.26706
00056   0.23394
00062   0.47724
00066   0.33067
00068   0.37749
00077   0.38247
00078   0.12000
00083   0.12293
00092   0.55915
00095   0.62210
00097   0.29242
00102   0.31051
00109   0.07104
00110   0.19127
00111   0.91804
00119   0.51172
00120   0.32073
00122   0.28923
00123   0.31734
00127   0.28257
00132   0.30218
00134   0.42769
00135   0.29117
00137   0.78211
00146   0.37511
00150   0.65890
00152   0.36246
00165   0.68098
00166   0.50520
00170   0.30571
00172   0.45955
00173   0.38205
00175   0.38863
00176   0.45283
00177   0.48299
00181   0.47777
00186   0.53468
00196   0.59245
00201   0.45174
00202   0.59738
00206   0.36007
00211   0.44883
00212   0.21362
00214   0.36282
00215   0.36840
00222   0.43480
00233   0.53019
00238   0.11652
00243   1.07528
00253   0.55757
00256   0.13481
00259   0.35895
00260   0.22651
00263   0.43630
00276   0.50726
00279   0.47658
00281   0.29412
00282   0.57547
00285   0.65332
00287   0.54322
00289   0.33039
00295   0.63846
00302   0.19685
00303   0.42047
00311   0.22266
00312   0.39601
00316   0.62140
00317   0.31585
00321   0.34587
00325   0.31859
00328   0.32577
00332   0.26586
00333   0.29227
00337   0.20633
00341   0.55327
00345   0.38802
00351   0.30220
00357   0.57588
00361   0.47900
00362   0.26939
00366   0.38059
00367   0.45291
00368   0.37764
00371   0.13668
00375   0.58518
00379   0.18186
00383   0.51221
00384   0.19252
00398   0.35741
00401   0.75848
00403   0.48354
00410   0.31471
00413   0.44963
00417   0.30127
00420   0.27012
00423   0.26592
00426   0.24358
00431   0.04894
00435   0.44450
00437   0.58517
00438   0.95049
00441   0.23567
00443   0.85126
00446   0.35583
00450   0.27519
00452   0.62903
00456   0.60172
00460   0.60114
00463   0.21250
00465   0.30795
00466   0.54232
00477   0.68612
00480   0.45249
00485   0.52873
00494   0.37629
00496   0.49873
00498   0.51310
00500   0.41021
